1373158606,1
239081663,1
53710184,1
1592467581,1
590620971,1
525901256,1
479341423,1
299655412,1
1581559892,1
220106707,1
1453201078,1
1590571865,1
1171165722,1
186699713,1
1268073012,1
906070220,1
68252793,1
63989047,1
201209005,1
469521477,1
499635468,1
1085242216,1
1292825378,1
56985561,1
1205264595,1
427000596,1
1537640408,1
1395616196,1
1506083910,1
1170252923,1
900911954,1
473392624,1
964669077,1
1265438422,1
597409992,1
13955983,1
1629526405,1
342865762,1
1499242941,1
907557512,1
730682427,1
596724164,1
333889688,1
462382781,1
1639591159,1
722831292,1
219494902,1
199170184,1
815887678,1
207696843,1
770902343,1
738639288,1
1296491777,1
568054227,1
93309105,1
1567087080,1
986607411,1
1151541058,1
268062140,1
812896393,1
169222132,1
1185498232,1
629595552,1
1349993687,1
1328261053,1
776605304,1
1239854303,1
412936598,1
1513056504,1
149368553,1
98407116,1
1420052172,1
489407815,1
1660151621,1
621455910,1
171351960,1
499914620,1
216898920,1
816314859,1
596943772,1
973691209,1
1365121943,1
783471136,1
349297012,1
794957572,1
762938025,1
449912919,1
1439190226,1
573330498,1
1507147647,1
1467907436,1
1391645397,1
153335723,1
1308098873,1
1363605489,1
367517440,1
1147056643,1
1565787882,1
525727461,1
350904183,1
992696249,10
814874363,10
579708537,10
1374389012,10
1477816546,10
1196040476,10
471619987,10
1470197911,10
696391871,10
1649940838,10
1666447132,10
120125830,10
491876988,10
68934737,10
677430270,10
861494829,10
574969167,10
142138944,10
453082198,10
1218009887,10
1541709159,10
675765611,10
456612023,10
1407543818,10
1072090968,10
849613032,10
1380513881,10
985376852,10
306814401,10
568825839,10
299853838,10
529628540,10
1599851660,10
1205528893,10
1157444916,10
564233310,10
1604199939,10
1255388860,10
920054627,10
1253127416,10
857706059,10
777381451,10
470987740,10
297065154,10
1094199380,10
1059817199,10
195226476,10
1623029829,10
101181642,10
235469722,10
328224239,10
1347430114,10
343558720,10
1461322282,10
906581620,10
1280778650,10
136424712,10
826281506,10
819521169,10
1279660644,10
1005129473,10
1136264404,10
539907702,10
1188043565,10
24655304,10
1460897491,10
1547738332,10
245997989,10
1463961867,10
1153135002,10
1612497800,10
573002724,10
1650553201,10
1376454985,10
730521271,10
239556468,10
630286724,10
933651277,10
339641189,10
974364241,10
6969260,10
1550680889,10
1545502469,10
565623665,10
1075000495,10
1636301367,10
383651994,10
1090238094,10
228515502,10
1342821943,10
640905300,10
1372133587,10
1090197738,10
1307753571,10
427158340,10
328219838,10
802973878,10
1637479472,10
346923914,10
1158307633,10
1672087623,100
1138925839,100
1228136,100
1286223706,100
696119837,100
1049272770,100
41825985,100
240234109,100
779495258,100
660381567,100
514219931,100
124393357,100
517267796,100
1218389745,100
169129475,100
183939380,100
1571759591,100
1043656560,100
148632740,100
1633380706,100
1143977779,100
1644616922,100
270068648,100
275718574,100
1416804102,100
1020661135,100
1180694232,100
354607445,100
569204769,100
1133170817,100
1302650515,100
908681807,100
454833168,100
1158129533,100
1621919657,100
1567515029,100
1481479470,100
431968623,100
1531046259,100
669405645,100
856829437,100
1442436764,100
1395602503,100
801914424,100
940812752,100
1111485658,100
969559111,100
259854539,100
532373262,100
482533863,100
137494574,100
726033229,100
45170732,100
1263383345,100
1189537409,100
494167625,100
1263665529,100
472913243,100
15442219,100
152456491,100
1520076855,100
1355283291,100
126430448,100
491648746,100
144741091,100
67458813,100
709589790,100
152165001,100
1104141864,100
511111062,100
598025373,100
1436618835,100
1042419699,100
460070045,100
1157996057,100
284137527,100
1553387797,100
1226305709,100
1237405089,100
1015053308,100
521832596,100
1015701648,100
874154617,100
408902191,100
202563114,100
208157333,100
1415154685,100
925675369,100
760848239,100
909628168,100
882835422,100
1002927833,100
1565678477,100
116331731,100
1446039345,100
1403284967,100
1387660448,100
211350775,100
130164727,100
864622621,100
1563826773,1000
728646787,1000
234653459,1000
533985410,1000
411436544,1000
408470519,1000
1151664882,1000
963390270,1000
301039194,1000
905983920,1000
394037563,1000
598171148,1000
993486218,1000
536455263,1000
161887817,1000
951616026,1000
1181814609,1000
210257394,1000
108637612,1000
1400470492,1000
1160903744,1000
31692244,1000
200280283,1000
1618269592,1000
507621088,1000
357150385,1000
872767549,1000
1042906379,1000
1033709343,1000
459018816,1000
861227458,1000
125918568,1000
353555524,1000
813838577,1000
4628627,1000
838424338,1000
569519230,1000
977123037,1000
612568057,1000
908401653,1000
1495918860,1000
1568748219,1000
1193503386,1000
1421357808,1000
1542770021,1000
1045118908,1000
332423659,1000
407802566,1000
637175209,1000
467509110,1000
125591915,1000
1243780192,1000
1579983554,1000
1164355336,1000
130905381,1000
1606265293,1000
673461213,1000
122761493,1000
107679841,1000
1254511837,1000
1023895541,1000
1079862962,1000
1140584701,1000
338084210,1000
122147952,1000
1090553393,1000
172038057,1000
399056075,1000
147148436,1000
1277828160,1000
145944840,1000
1450007910,1000
505096523,1000
867101399,1000
257454533,1000
1223368636,1000
528743434,1000
1243219201,1000
1276720171,1000
85344575,1000
1330111666,1000
176058026,1000
900278641,1000
1411698121,1000
1253426694,1000
1213815577,1000
1122667338,1000
679399071,1000
559990065,1000
438643292,1000
1438225581,1000
1538010182,1000
674704717,1000
512574190,1000
570402824,1000
849943635,1000
281058962,1000
1442443774,1000
1386202388,1000
644238817,1000
981882298,10000
678985349,10000
1614616697,10000
155785153,10000
20004793,10000
984160659,10000
1333929334,10000
1209019634,10000
214708106,10000
157326192,10000
1154561093,10000
457745397,10000
1086379110,10000
569513559,10000
284448308,10000
749490764,10000
147728209,10000
524596786,10000
793553385,10000
612005769,10000
338758748,10000
940994192,10000
1166551686,10000
1510840481,10000
649650611,10000
1313567990,10000
1404403443,10000
1135891495,10000
16799992,10000
1434225304,10000
1190999339,10000
642910965,10000
1424616419,10000
222450317,10000
288387975,10000
567936247,10000
247881174,10000
229858004,10000
1594327693,10000
1188038731,10000
333821845,10000
584863340,10000
605066989,10000
1298862165,10000
452323734,10000
1541060435,10000
736329813,10000
437221893,10000
1476388841,10000
1362015636,10000
566901107,10000
1085357688,10000
1049114160,10000
539278776,10000
109089799,10000
198209444,10000
1362115473,10000
909622041,10000
594166265,10000
94675606,10000
7614311,10000
716307211,10000
1655965926,10000
280933072,10000
1368190554,10000
562544654,10000
346994655,10000
1591781263,10000
948834532,10000
1184724684,10000
1515409310,10000
918450660,10000
1204538328,10000
20765523,10000
240247332,10000
161584944,10000
1483953332,10000
320091645,10000
1171646237,10000
77369839,10000
792885292,10000
1250929768,10000
1186538609,10000
318028987,10000
922959947,10000
273687169,10000
89826799,10000
661979763,10000
783083157,10000
85673587,10000
768389475,10000
451135926,10000
1464727067,10000
535861027,10000
1432228605,10000
220747617,10000
759519077,10000
1675286878,10000
1202340699,10000
872688799,10000
1332860437,100000
1609490924,100000
331900766,100000
508389542,100000
348969882,100000
380217064,100000
885395511,100000
53228317,100000
385174089,100000
1581760148,100000
713362851,100000
884147285,100000
1438614605,100000
1578524038,100000
532935089,100000
572960901,100000
341874760,100000
1505983442,100000
232133587,100000
821502093,100000
83160453,100000
1010799122,100000
477672768,100000
428579384,100000
988493674,100000
750885745,100000
655392397,100000
488757597,100000
478724683,100000
50818989,100000
1417410477,100000
414743067,100000
855699176,100000
704937174,100000
598295509,100000
149079928,100000
1660706315,100000
599416364,100000
754080568,100000
1377571546,100000
1093940357,100000
858302799,100000
1459254038,100000
1151514515,100000
711138924,100000
59271704,100000
247694515,100000
560955366,100000
383471469,100000
1246806958,100000
570084674,100000
82156705,100000
232792702,100000
1281127014,100000
933218566,100000
742357410,100000
1564538604,100000
673616911,100000
937148728,100000
1301823594,100000
1098272662,100000
248347436,100000
827200881,100000
1238213398,100000
408191062,100000
547012422,100000
95319349,100000
1522104808,100000
936426394,100000
3631985,100000
1116520442,100000
1156316854,100000
1475014482,100000
1544964154,100000
1593325653,100000
1582776384,100000
1440163745,100000
423129725,100000
782159659,100000
926204113,100000
150267605,100000
1426439562,100000
709099175,100000
1338216051,100000
674128707,100000
1424613747,100000
267630827,100000
1545660496,100000
644937160,100000
1089037295,100000
664183755,100000
1432141604,100000
877017098,100000
700472450,100000
864148251,100000
1497243667,100000
634914704,100000
1190591741,100000
273348475,100000
411973467,100000
902901631,1000000
1427925072,1000000
814208287,1000000
1454529206,1000000
1606606727,1000000
373720866,1000000
1321808215,1000000
1222144236,1000000
646284941,1000000
872039786,1000000
1176686193,1000000
871749,1000000
652566491,1000000
616142518,1000000
451363872,1000000
923177764,1000000
1245507827,1000000
1302795794,1000000
1405969621,1000000
692024957,1000000
998554532,1000000
948728242,1000000
949530932,1000000
1450898447,1000000
458920269,1000000
1097737799,1000000
1016159585,1000000
1580465176,1000000
364409490,1000000
1414871212,1000000
182097028,1000000
609426664,1000000
1106924756,1000000
1425615259,1000000
1359230139,1000000
1329852454,1000000
719811309,1000000
200547477,1000000
1613056866,1000000
504376471,1000000
1444817696,1000000
666620722,1000000
482412159,1000000
427628276,1000000
316440229,1000000
52453127,1000000
99243208,1000000
525795353,1000000
1020347521,1000000
1312700859,1000000
1650318292,1000000
156397432,1000000
977998770,1000000
890005286,1000000
1352410862,1000000
1236243845,1000000
417546486,1000000
1542636096,1000000
1495409363,1000000
824587483,1000000
1061666890,1000000
858247985,1000000
523952602,1000000
316907042,1000000
1408873844,1000000
1476657894,1000000
11907395,1000000
1612683932,1000000
1653661590,1000000
228894474,1000000
1671645100,1000000
912994505,1000000
469957763,1000000
377713767,1000000
1494459158,1000000
1112305801,1000000
997613291,1000000
107843154,1000000
1197019836,1000000
535149219,1000000
260615611,1000000
980244319,1000000
286343536,1000000
997813759,1000000
1433612256,1000000
1140597030,1000000
1200282924,1000000
1278724114,1000000
681392169,1000000
1621887049,1000000
950419194,1000000
1315660841,1000000
1544629060,1000000
1084002849,1000000
916418798,1000000
1176546061,1000000
957592179,1000000
341788996,1000000
1596987899,1000000
1019355588,1000000
966517452,10000000
556609615,10000000
1614428359,10000000
530943288,10000000
1369367511,10000000
595521585,10000000
1644572360,10000000
1119482825,10000000
1040664172,10000000
1345932020,10000000
513776588,10000000
589693527,10000000
944619211,10000000
166394235,10000000
1532325933,10000000
613596536,10000000
503571130,10000000
583503756,10000000
721227100,10000000
686571058,10000000
1159968067,10000000
173039205,10000000
297156035,10000000
323906379,10000000
496630252,10000000
822562025,10000000
1490245880,10000000
328146801,10000000
1517023559,10000000
459460310,10000000
137930408,10000000
890922026,10000000
875312989,10000000
710562369,10000000
1165248557,10000000
1000564829,10000000
892868375,10000000
133714606,10000000
444173470,10000000
902251343,10000000
836395077,10000000
1653123839,10000000
1254300987,10000000
1493624247,10000000
41944547,10000000
1644101825,10000000
1236285615,10000000
816862042,10000000
1024306179,10000000
12661730,10000000
755396286,10000000
641265791,10000000
1618075518,10000000
837489948,10000000
899841350,10000000
1155819861,10000000
1605277679,10000000
1577614633,10000000
1172810192,10000000
1295475066,10000000
473603238,10000000
1048464828,10000000
471204383,10000000
586124123,10000000
935950639,10000000
1042908255,10000000
62330333,10000000
835064486,10000000
721832695,10000000
1436395163,10000000
1458446089,10000000
868263439,10000000
1555167679,10000000
354430857,10000000
1003712702,10000000
274078593,10000000
1336286652,10000000
1147021774,10000000
57910012,10000000
846152051,10000000
1271080060,10000000
1212022555,10000000
1423781139,10000000
58201215,10000000
180275792,10000000
1380294367,10000000
920438913,10000000
291412420,10000000
991489870,10000000
390260112,10000000
107985429,10000000
558681426,10000000
814119353,10000000
702984500,10000000
454537006,10000000
976459372,10000000
701896028,10000000
724776911,10000000
1634728346,10000000
814167346,10000000
